/*--------------------------------*- C++ -*----------------------------------*\
| =========                 |                                                 |
| \\      /  F ield         | OpenFOAM: The Open Source CFD Toolbox           |
|  \\    /   O peration     | Version:  4.1                                   |
|   \\  /    A nd           | Web:      www.OpenFOAM.org                      |
|    \\/     M anipulation  |                                                 |
\*---------------------------------------------------------------------------*/
FoamFile
{
    version     2.0;
    format      ascii;
    class       faceSet;
    location    "constant/polyMesh/sets";
    object      layerFaces;
}
// * * * * * * * * * * * * * * * * * * * * * * * * * * * * * * * * * * * * * //


10138
(
786432 
770051 
753667 
737283 
786437 
786440 
753672 
770058 
737290 
786443 
753675 
770065 
786450 
753682 
737299 
786453 
753685 
786456 
770074 
737306 
753692 
786461 
786462 
770081 
786467 
753699 
770086 
737319 
786472 
753704 
786475 
753709 
786478 
770095 
737328 
753714 
786483 
753717 
786486 
770102 
737335 
786489 
753722 
770107 
786492 
786493 
753725 
737342 
786496 
770112 
753730 
786499 
770119 
753735 
737351 
786504 
786507 
770124 
753740 
786510 
737358 
753743 
786513 
753748 
737365 
786518 
786519 
753751 
786520 
770136 
786523 
786524 
753756 
770141 
737374 
786527 
753761 
786530 
737381 
753766 
770152 
786537 
753773 
786542 
737390 
770160 
786547 
753780 
786550 
786551 
770167 
753785 
786554 
770172 
737404 
753790 
786561 
770178 
753795 
737411 
770181 
786566 
786569 
786570 
753802 
737420 
786573 
786574 
770190 
753807 
786577 
770193 
786578 
753812 
786581 
737429 
770200 
786586 
753819 
786589 
786590 
737438 
770207 
753824 
770210 
786595 
753829 
737445 
786600 
786601 
770217 
786602 
770222 
753838 
737454 
786607 
786612 
770229 
753845 
737463 
786617 
770234 
786620 
753852 
737470 
786623 
770239 
786626 
786629 
753861 
737477 
786630 
770246 
786633 
753866 
737482 
786636 
770253 
786639 
737487 
753873 
786642 
770258 
770261 
753878 
737494 
786647 
786648 
753881 
770266 
786651 
753884 
737501 
786654 
786657 
770273 
786658 
753891 
753892 
786661 
770278 
737510 
786664 
786665 
753897 
770283 
737517 
786670 
753904 
770290 
786675 
753907 
786678 
737526 
770295 
753912 
786681 
770302 
753919 
737535 
786688 
786691 
753924 
770309 
786694 
737542 
753929 
770314 
786699 
786700 
753932 
770319 
737551 
786705 
753937 
786708 
770326 
737558 
786711 
753944 
786714 
770333 
753949 
737565 
786719 
786722 
753954 
770340 
786725 
737574 
786728 
786729 
770345 
753961 
753964 
737581 
786734 
770350 
753969 
737586 
786739 
770355 
786742 
753974 
737591 
770360 
786747 
753981 
770367 
786752 
737600 
770370 
753986 
786755 
786758 
753991 
786761 
786763 
770379 
753996 
737613 
786766 
786769 
770386 
754003 
737620 
786776 
754008 
770393 
786781 
754013 
737630 
786784 
770402 
786787 
754020 
737637 
786790 
770407 
786793 
754025 
786796 
770414 
754030 
737646 
786801 
786802 
786803 
754035 
754036 
770421 
737653 
786806 
786809 
754041 
786810 
770426 
786811 
786812 
754046 
737662 
786815 
786816 
770433 
754051 
786823 
737671 
770440 
754056 
786826 
754063 
737680 
786833 
770451 
786836 
754068 
786839 
737687 
754073 
786842 
770458 
754078 
786847 
754079 
770465 
754082 
737698 
786854 
786855 
754087 
737705 
786858 
770474 
754090 
786861 
786862 
786863 
754095 
737714 
770483 
786868 
754100 
786873 
754105 
770490 
737723 
786876 
754110 
786879 
786880 
770497 
737730 
786883 
786884 
754117 
737735 
770504 
754120 
786889 
786892 
737742 
786895 
754127 
786896 
770513 
737747 
786901 
770518 
754134 
786904 
737754 
786909 
770525 
754143 
737759 
786912 
786913 
786914 
786915 
754148 
786918 
770534 
737766 
754153 
786923 
770539 
737771 
786926 
770544 
754160 
737778 
786931 
786932 
786933 
770549 
754167 
786936 
786939 
737787 
786940 
754172 
786941 
754173 
770558 
786944 
754176 
786945 
737794 
770563 
786948 
754181 
737801 
770570 
786955 
786956 
754190 
737806 
786959 
770575 
786962 
754195 
786965 
737813 
770582 
786970 
754202 
786971 
786972 
770589 
737822 
786975 
754207 
786980 
770596 
737829 
754214 
786983 
770601 
786986 
770604 
737836 
786989 
754221 
770611 
786996 
737845 
754230 
786999 
770616 
787002 
754235 
770621 
737854 
787007 
787008 
770628 
754244 
787013 
737861 
770631 
787016 
754249 
787019 
770636 
737868 
787022 
754256 
787027 
770645 
737877 
787030 
787033 
754265 
770650 
737882 
787036 
787037 
754270 
787040 
770657 
737889 
787043 
754277 
787046 
770662 
737894 
787047 
754280 
787052 
787053 
754285 
737901 
770671 
787056 
754288 
787057 
770674 
787062 
737910 
770679 
754295 
787067 
754300 
737917 
770686 
787072 
754305 
737924 
787077 
770693 
787080 
754312 
770698 
787083 
787084 
787085 
737933 
787088 
754321 
787091 
770707 
754324 
737940 
787094 
787095 
737945 
787098 
770714 
754331 
787101 
737950 
770721 
787106 
787107 
754340 
737957 
787110 
770726 
754345 
737962 
787115 
787116 
787117 
770733 
754350 
787122 
770738 
754355 
737971 
787127 
770743 
787128 
787129 
770746 
754362 
737978 
754367 
737983 
787136 
770753 
787141 
754374 
787144 
770760 
737992 
787145 
754379 
787148 
770765 
737999 
754384 
770770 
787155 
754389 
770775 
787160 
754392 
738008 
754393 
787163 
787164 
770782 
754398 
787167 
787168 
787171 
770787 
754403 
787172 
754408 
770794 
738026 
787179 
754413 
787182 
770799 
787185 
787186 
770802 
754418 
787189 
770805 
754423 
738039 
770810 
787196 
754428 
770815 
754431 
754432 
738048 
787201 
787204 
787205 
738053 
787206 
770822 
754439 
787209 
787210 
770827 
754444 
738060 
787213 
770830 
770835 
787220 
754453 
738069 
770838 
787225 
770841 
754458 
787228 
770844 
738076 
754461 
787231 
787232 
770849 
787235 
738083 
754468 
787238 
770854 
738088 
754473 
787243 
770859 
787246 
787247 
770864 
754480 
738097 
787250 
787251 
770867 
754485 
787256 
738104 
770874 
754490 
787259 
754493 
770879 
787264 
738113 
770882 
754498 
787269 
754501 
787270 
787271 
770887 
787272 
738120 
787273 
754506 
787276 
754509 
738125 
770894 
787279 
770895 
787280 
787281 
754514 
787284 
770900 
738134 
787287 
754519 
787288 
787289 
787290 
754522 
770907 
770908 
787293 
754525 
738141 
770911 
787296 
754530 
787299 
770916 
787302 
738150 
787303 
770921 
754537 
787306 
738157 
770926 
754542 
787313 
754545 
770931 
738164 
787318 
770936 
754552 
787321 
738169 
787324 
738174 
787327 
770943 
754559 
787330 
754562 
770948 
787333 
738181 
754567 
770953 
787338 
787339 
787340 
770958 
754574 
738190 
787343 
770961 
754577 
770964 
738197 
787350 
754582 
770969 
787355 
754589 
738206 
787360 
770976 
754594 
787363 
770981 
738213 
787366 
754599 
770984 
787369 
754604 
738220 
787374 
787375 
770991 
787378 
754611 
770996 
787381 
738229 
770999 
787384 
754616 
787387 
787388 
771004 
738236 
787391 
787392 
771009 
754625 
754628 
787397 
738245 
771014 
787400 
787403 
771019 
754635 
787406 
771022 
738254 
787411 
754644 
771029 
738261 
787414 
771030 
787417 
754649 
787418 
771035 
738268 
787423 
787424 
754656 
771042 
787427 
754661 
738277 
771047 
787432 
787435 
771052 
754668 
738284 
754669 
787438 
787441 
771057 
738289 
754674 
771062 
738294 
754679 
787448 
787451 
771067 
754684 
738301 
787454 
754687 
771072 
738306 
787459 
787460 
754694 
771079 
787465 
738313 
787468 
771084 
754701 
738318 
787471 
771087 
787474 
754706 
738325 
771094 
787479 
754713 
787482 
771099 
754716 
738332 
787485 
787488 
771104 
787489 
754723 
787492 
738341 
754726 
787495 
771111 
787498 
787499 
754731 
771116 
787502 
738350 
754736 
787505 
771121 
787506 
771122 
754739 
771125 
738357 
787511 
754744 
787514 
738362 
771132 
787517 
754751 
771137 
738369 
787522 
754754 
787525 
754759 
787528 
771144 
738376 
754762 
787531 
771149 
738381 
787534 
771150 
787535 
754767 
787538 
771155 
754772 
787541 
738390 
754775 
787544 
771160 
787545 
787548 
754780 
771165 
738397 
787551 
787552 
771170 
754787 
787557 
787558 
771176 
754792 
787561 
787562 
738412 
787565 
754797 
787570 
754802 
787573 
771189 
754807 
738423 
787576 
771196 
754812 
787581 
754815 
754816 
771201 
787586 
787589 
754821 
771206 
738438 
771207 
787592 
771208 
754826 
787595 
787596 
738445 
787599 
771215 
754831 
787600 
787603 
754836 
787608 
754841 
787611 
738460 
787614 
754846 
787617 
771235 
754851 
771236 
754854 
771239 
754855 
771240 
771241 
738473 
787626 
754858 
787629 
771246 
754863 
787632 
771251 
754870 
738486 
787639 
771256 
787642 
754875 
787645 
738493 
754878 
771263 
787650 
771266 
738498 
787651 
754885 
787656 
754888 
787657 
771273 
738507 
787660 
771276 
787661 
771279 
754895 
787666 
738514 
771284 
787669 
754902 
738519 
787672 
738522 
787675 
771291 
754907 
771292 
754910 
787680 
787683 
771299 
738531 
754917 
787686 
771304 
738536 
787689 
787690 
754922 
771307 
738539 
771310 
787695 
771313 
754929 
787698 
771314 
738546 
754932 
787701 
771319 
738551 
754937 
787706 
771322 
787709 
787710 
754942 
738558 
787713 
771329 
787716 
771332 
787717 
754949 
771335 
738567 
787722 
754954 
771340 
738574 
787727 
771345 
754963 
738579 
787732 
771350 
738582 
787735 
754968 
787738 
771355 
787741 
754975 
738591 
787744 
771360 
787745 
787748 
771365 
754982 
787751 
738600 
787754 
771370 
787757 
754989 
738605 
771375 
787762 
771380 
754996 
738612 
787767 
771385 
755001 
787770 
787771 
738621 
787774 
771390 
755008 
738626 
771396 
755013 
787783 
738633 
787786 
755020 
787791 
755023 
787792 
738640 
771410 
787795 
755028 
755031 
738647 
787800 
787801 
771417 
787802 
755036 
738652 
787807 
771424 
755041 
738659 
787812 
755044 
787813 
787814 
787815 
771431 
738664 
771434 
755051 
787820 
787823 
738673 
787828 
755060 
787829 
771445 
738678 
755063 
787832 
771450 
787835 
755070 
771455 
738687 
787843 
755075 
771460 
738692 
787848 
755080 
771465 
738697 
755083 
738700 
787853 
771470 
787855 
755088 
787858 
771475 
738707 
755093 
771478 
738710 
787863 
787866 
738715 
787869 
771485 
787870 
787871 
787874 
771490 
771491 
755108 
738724 
787877 
771494 
771497 
738729 
787884 
771500 
755117 
738736 
787889 
771505 
787892 
738741 
755126 
787895 
787896 
771512 
738746 
787899 
755133 
787902 
771519 
738751 
771520 
771523 
755140 
787909 
787912 
738760 
755145 
771530 
787915 
787918 
787919 
771535 
738767 
787922 
771538 
787923 
755155 
755158 
771543 
738776 
787930 
771546 
738781 
787935 
755167 
738784 
771553 
738787 
787940 
771556 
755172 
787941 
771557 
787944 
755177 
787947 
771564 
738796 
787950 
755184 
787953 
771569 
738803 
787958 
771574 
755191 
738808 
787961 
787962 
787963 
771579 
738811 
755196 
771584 
738816 
787970 
755203 
771589 
738821 
787977 
755210 
738826 
787980 
771596 
787983 
771601 
755217 
738833 
787988 
738836 
787989 
755222 
787992 
771608 
738841 
771611 
755227 
787997 
738848 
771618 
755234 
788004 
788005 
738853 
771623 
788008 
771626 
755243 
788013 
771629 
788014 
788015 
788016 
771632 
755248 
788019 
771635 
788020 
755253 
788022 
771638 
738871 
788025 
788028 
788029 
771645 
788030 
755262 
738878 
771648 
788033 
788038 
771655 
755271 
738887 
788041 
788044 
771660 
755276 
771661 
788047 
738896 
788050 
771666 
788051 
755285 
738901 
788054 
771671 
738904 
738907 
771676 
755292 
788061 
771681 
788066 
771682 
771683 
755299 
771686 
738918 
788071 
771689 
788074 
755306 
788077 
738925 
788080 
771696 
755313 
788083 
788084 
771701 
755318 
738934 
788087 
738937 
788090 
771708 
738940 
788093 
755325 
788096 
755330 
788099 
771715 
788100 
788101 
738949 
755335 
788104 
771720 
738952 
771725 
755342 
788111 
738959 
788112 
771728 
771729 
788115 
755347 
771732 
788118 
738966 
788121 
771737 
755354 
788126 
771742 
788127 
771743 
738975 
788128 
771744 
788131 
771747 
755363 
771748 
788134 
738982 
755368 
788137 
788138 
771755 
738987 
738990 
788143 
755375 
771760 
771761 
788146 
738995 
771764 
788149 
788150 
755384 
739000 
788155 
771771 
755389 
771774 
739007 
788160 
771777 
755394 
788163 
739012 
788166 
771782 
755399 
771787 
771788 
788173 
771789 
739021 
755406 
788176 
771792 
739026 
788179 
771797 
739031 
788184 
788185 
771802 
739034 
755419 
771805 
788190 
771808 
788193 
771809 
755426 
739043 
788196 
788199 
771816 
739049 
755435 
788204 
771821 
788207 
739056 
788210 
771826 
771827 
755444 
788213 
788214 
739063 
755449 
771834 
788219 
788222 
755454 
739072 
788225 
771841 
788228 
739077 
771846 
788235 
771851 
755467 
771852 
788238 
771855 
739088 
788241 
755474 
788246 
771862 
788247 
771865 
739097 
755483 
788252 
771868 
771871 
755488 
788257 
739106 
788260 
771878 
788263 
755495 
771881 
739115 
788268 
771884 
788271 
771887 
755504 
788274 
771892 
739124 
788277 
771893 
788278 
755511 
788281 
739129 
788284 
771900 
788285 
755518 
739136 
788290 
788291 
755523 
771908 
788294 
788295 
739145 
788298 
771915 
755532 
788301 
788304 
739153 
771924 
788309 
755541 
788312 
739162 
788315 
771931 
755548 
788318 
771936 
788323 
755555 
739171 
788324 
788325 
771941 
788328 
771944 
739176 
771945 
755562 
771948 
788333 
771949 
739183 
788338 
771954 
755573 
771959 
771960 
739192 
788345 
771961 
771964 
755580 
739197 
788350 
771969 
788355 
739204 
755589 
788358 
771974 
788361 
771977 
788362 
755594 
788363 
739213 
788366 
771984 
788369 
755601 
771989 
788374 
771990 
739222 
788375 
771993 
788378 
755610 
739227 
771996 
788381 
788382 
788383 
755617 
788386 
788387 
772003 
788388 
739236 
788389 
788390 
772006 
755624 
772009 
739241 
788397 
755631 
788400 
772016 
739250 
788403 
772019 
755636 
788406 
772022 
739257 
788411 
772029 
755645 
788414 
739262 
788417 
772034 
772035 
755652 
739269 
788422 
772038 
772039 
772040 
788425 
739274 
772043 
788428 
772046 
788433 
772049 
755665 
739281 
772052 
788438 
788439 
788440 
772057 
755674 
739290 
788443 
772060 
788446 
788447 
772063 
755681 
739297 
788450 
772066 
772067 
788455 
755688 
788458 
772074 
739306 
788461 
772077 
788462 
788463 
755695 
739311 
772080 
788468 
755702 
788471 
772087 
788472 
739320 
772090 
788475 
772093 
755709 
788478 
788479 
739327 
772098 
788484 
772101 
739334 
788487 
772104 
755720 
788490 
772107 
788493 
739341 
788496 
772112 
788497 
755729 
788502 
739350 
788507 
772123 
739355 
772126 
788512 
788513 
772129 
772130 
755746 
739364 
772133 
788518 
788519 
755751 
788520 
772138 
788523 
739371 
755756 
788526 
788527 
772143 
788528 
788529 
772146 
739378 
755763 
788532 
788533 
772149 
788534 
788537 
772154 
755771 
739387 
788540 
772157 
739390 
788543 
788544 
772160 
788545 
788546 
755778 
788549 
772165 
739397 
788550 
788551 
755783 
788552 
788553 
772170 
788556 
755788 
739404 
788557 
772175 
788560 
788561 
755793 
739409 
772178 
788564 
739412 
788567 
772183 
755800 
788570 
772186 
788571 
788572 
788573 
772191 
788576 
755809 
788579 
788580 
772196 
788583 
755816 
739432 
788586 
788589 
788590 
772207 
755823 
788593 
739441 
788596 
739444 
788597 
772215 
788600 
739449 
772218 
755834 
788603 
788606 
788607 
772223 
788608 
755841 
788611 
788612 
772228 
788613 
739461 
788614 
755846 
788615 
788616 
772233 
739466 
788619 
772236 
788622 
772239 
755855 
788625 
739473 
788626 
772242 
788627 
772245 
772246 
755862 
788632 
739480 
788633 
772249 
788636 
788637 
755869 
772254 
788640 
772257 
739489 
755874 
788643 
772260 
772261 
788646 
739494 
788647 
772264 
755881 
788650 
788651 
788652 
772269 
739501 
788655 
788656 
772272 
739504 
788657 
788658 
755890 
788659 
788660 
788661 
772277 
755895 
739511 
788664 
772280 
788665 
739516 
772285 
788670 
755902 
788673 
739521 
772290 
788676 
772293 
755909 
739526 
788679 
788680 
788681 
788682 
772298 
755914 
788685 
739533 
788686 
772303 
739536 
788689 
755921 
788690 
772306 
788693 
772309 
739543 
788696 
772312 
755928 
739546 
788699 
772317 
788702 
788703 
788704 
788705 
739553 
788706 
755939 
772324 
739556 
788709 
772327 
788714 
772330 
739563 
755948 
788717 
788718 
772335 
788721 
755953 
788722 
772338 
788723 
739572 
772341 
788726 
788727 
788728 
772344 
755960 
788729 
788730 
788731 
739579 
788732 
788735 
772351 
788736 
739584 
788739 
755971 
772356 
788742 
772359 
739591 
788745 
788746 
772362 
788747 
755980 
739596 
772365 
788752 
772368 
739601 
772371 
755987 
772372 
739604 
788757 
772373 
772376 
788762 
755994 
772379 
739613 
772382 
788767 
772383 
755999 
772386 
739618 
788772 
739621 
772391 
756008 
772394 
788779 
739628 
772397 
739631 
788784 
772400 
756017 
788787 
772405 
788790 
739638 
772408 
756024 
788793 
772411 
788796 
739645 
772414 
788801 
756033 
739650 
772419 
788806 
772422 
756038 
739657 
788811 
756045 
739664 
739669 
756054 
788825 
772441 
739674 
772444 
772445 
756061 
788830 
772448 
788833 
772449 
739683 
772452 
756068 
772453 
788838 
772456 
739688 
772457 
788843 
756075 
788844 
772460 
739693 
788847 
756080 
739696 
772465 
788850 
739701 
772472 
788857 
756089 
772475 
788862 
772478 
739710 
756096 
788865 
772481 
739715 
788870 
772486 
756103 
772489 
739722 
788875 
772494 
756110 
739727 
772499 
788884 
772502 
739734 
756119 
788890 
788891 
772507 
788892 
788893 
739741 
772510 
756128 
772513 
788898 
739746 
788899 
772518 
756135 
788904 
772521 
739753 
772524 
788911 
772529 
756145 
788914 
739762 
788917 
788918 
772534 
788919 
739767 
772537 
788922 
739770 
772540 
788927 
772543 
756161 
739777 
788930 
772546 
788933 
772549 
739782 
788936 
772552 
756168 
788939 
772555 
739787 
788940 
772556 
788943 
772559 
756175 
739792 
772562 
739795 
788948 
756180 
739798 
788951 
772567 
788954 
772570 
756187 
739803 
772573 
788959 
788962 
772578 
756196 
739812 
788965 
772581 
788968 
772584 
788969 
756201 
772587 
788972 
739821 
772590 
772591 
772592 
788977 
772593 
788980 
772596 
788981 
788982 
756214 
739830 
772599 
788985 
772602 
739835 
756221 
788990 
772607 
739842 
788995 
772612 
788998 
756230 
739847 
789001 
772617 
789002 
789003 
756235 
789004 
772620 
739854 
789007 
789008 
789009 
739857 
756242 
772627 
789012 
739862 
756247 
772632 
789019 
756252 
739871 
789024 
772642 
756259 
739876 
789029 
772647 
789032 
739881 
789035 
789038 
756270 
789039 
789040 
739888 
789043 
739891 
772661 
789048 
772664 
756281 
739898 
789051 
789054 
739903 
789057 
772673 
789058 
756290 
789061 
739910 
756297 
789066 
772682 
739915 
789069 
789072 
772689 
739922 
772692 
789077 
739925 
756310 
789080 
772697 
739930 
789083 
756317 
789086 
789087 
739935 
772704 
789090 
756324 
789093 
772709 
789096 
739944 
772714 
756331 
739947 
789103 
772721 
739954 
756340 
789110 
739959 
772731 
756347 
739964 
789119 
772736 
739969 
756354 
789124 
772741 
739974 
789129 
772746 
739979 
772749 
789134 
772754 
756370 
789140 
739988 
789144 
772761 
756377 
739993 
789149 
772766 
739998 
789152 
740001 
789155 
772771 
789156 
756388 
789157 
740006 
789160 
789161 
740013 
789166 
756399 
789169 
772787 
789172 
740022 
789175 
772792 
789178 
789179 
789180 
789181 
772797 
756413 
740029 
789184 
740034 
772804 
789189 
756422 
740039 
772808 
789194 
789195 
740044 
772813 
756429 
789198 
789199 
789200 
772818 
789203 
789204 
756436 
740053 
789207 
772823 
789210 
756445 
740062 
789215 
772832 
789218 
756450 
740067 
789221 
789222 
772839 
772840 
740072 
789225 
756457 
789228 
772845 
740077 
789233 
789234 
772850 
756466 
789235 
740084 
789238 
789241 
756473 
740089 
772859 
789244 
740094 
789247 
789248 
756480 
740097 
789251 
772868 
756485 
789254 
740102 
789257 
772873 
740107 
789262 
772878 
756494 
789263 
789264 
789267 
740116 
772885 
756501 
789270 
772886 
789271 
740119 
789272 
772889 
789275 
789276 
756508 
772894 
740126 
789281 
756513 
789284 
772901 
772902 
789287 
740135 
789290 
756522 
772907 
740140 
789293 
789294 
756529 
789299 
740147 
772916 
789302 
756536 
740152 
789305 
789308 
789309 
740157 
789310 
789313 
756545 
740162 
740165 
789318 
756550 
772937 
789323 
756557 
789326 
772942 
740174 
789329 
740177 
789330 
789331 
772947 
756564 
789336 
772952 
740184 
789339 
740187 
789342 
772959 
740192 
789345 
789346 
772962 
789347 
740195 
789348 
756581 
789351 
772967 
740200 
756586 
740203 
772972 
756591 
789360 
756592 
740210 
789364 
772981 
756597 
789367 
740217 
789372 
772988 
756604 
772991 
756607 
740224 
789377 
789379 
772996 
756612 
740229 
756617 
789386 
756618 
740234 
789389 
773005 
773006 
756623 
740239 
789394 
789395 
773011 
756628 
756629 
756632 
740248 
756635 
756636 
740253 
789408 
773025 
740258 
789411 
756645 
773030 
789416 
789417 
773033 
740267 
789420 
773036 
756652 
789423 
740272 
773041 
756657 
789428 
789429 
756662 
740279 
789432 
773050 
789435 
789436 
740284 
773055 
756671 
740289 
789442 
773058 
756678 
740294 
773067 
756687 
740303 
773072 
756690 
740308 
773077 
773078 
756695 
740311 
773083 
740316 
740319 
773088 
756704 
740324 
773093 
756711 
740329 
773098 
756716 
773101 
740334 
756721 
740341 
773110 
756726 
756729 
773115 
756732 
740350 
773121 
740355 
756741 
773126 
740360 
773131 
756748 
740365 
756753 
773140 
756758 
740374 
773145 
740381 
773150 
740386 
773157 
740389 
773158 
756774 
773161 
773164 
756781 
740398 
773169 
740403 
756790 
740406 
756793 
740413 
756798 
740418 
773187 
756807 
740423 
773192 
773196 
740428 
756814 
773201 
740437 
773206 
756824 
740440 
773213 
740447 
773216 
740450 
773219 
756835 
773222 
740455 
756842 
740458 
773231 
756847 
740463 
773236 
756854 
740472 
773241 
740477 
773246 
756865 
773251 
740484 
756872 
740493 
773262 
756881 
740498 
773267 
740503 
756888 
773274 
773275 
740508 
756893 
773281 
740513 
756898 
740518 
756903 
773288 
740521 
756906 
773291 
740526 
773296 
756915 
773301 
740535 
773306 
740544 
773315 
756934 
773320 
740553 
773325 
756943 
740562 
773334 
740569 
773338 
756956 
773343 
756961 
740578 
756966 
773352 
756969 
740589 
773359 
756976 
773362 
756981 
773367 
740599 
756986 
740604 
773374 
756991 
773379 
740611 
756996 
773384 
740618 
773391 
740623 
773394 
757011 
773399 
757016 
740632 
773404 
757023 
740639 
757026 
773413 
757029 
757032 
740648 
757033 
773418 
757036 
773423 
740655 
757041 
757042 
773428 
757047 
773435 
773436 
757052 
740669 
773439 
757057 
773443 
773444 
740676 
757062 
773449 
740681 
757067 
773452 
757070 
740688 
773457 
757077 
773464 
757080 
740697 
773469 
757085 
740704 
773474 
757092 
773479 
757095 
740713 
773484 
757100 
740718 
773487 
757105 
773490 
757106 
773495 
740727 
757115 
773500 
740736 
757122 
773509 
757125 
740745 
773514 
757130 
773519 
757135 
740754 
773524 
757140 
773529 
757149 
740766 
773536 
773539 
757156 
773542 
740775 
757163 
773549 
757166 
773552 
773555 
757171 
740790 
773562 
757180 
773565 
740797 
773568 
757185 
773571 
740803 
757188 
773576 
757193 
740810 
773579 
757198 
740817 
773588 
757207 
740824 
773593 
773598 
757214 
773603 
757219 
757224 
773610 
757229 
773615 
757232 
773620 
740854 
773625 
757241 
740861 
773632 
757250 
773635 
740870 
773640 
757259 
773645 
757268 
740885 
773654 
773657 
757275 
740892 
773662 
757278 
773667 
740899 
757285 
773674 
740908 
757294 
773681 
773684 
757301 
740917 
773687 
757304 
773692 
740924 
757309 
773697 
757314 
773700 
757317 
740933 
773703 
757322 
773710 
740942 
757329 
773715 
740951 
773720 
757336 
757337 
773725 
757342 
740958 
757349 
773734 
740967 
773737 
757358 
773744 
740976 
757361 
773747 
757366 
740983 
773752 
740990 
757375 
773761 
773764 
757380 
773769 
757385 
741003 
773772 
757390 
773777 
741012 
757399 
773784 
757404 
773789 
741023 
757409 
773794 
741030 
773799 
773804 
757421 
741039 
757426 
773811 
773814 
741046 
757434 
773819 
741053 
773824 
757441 
741062 
757448 
773833 
741067 
773836 
757453 
773841 
741074 
773846 
741083 
773853 
757469 
773856 
741090 
773859 
757476 
773862 
773867 
773870 
741103 
773873 
757489 
741110 
773880 
773883 
757501 
757502 
773888 
757507 
741123 
773893 
741130 
757516 
773902 
741137 
773907 
757523 
757526 
741142 
773912 
757531 
757536 
773921 
757537 
741155 
773924 
773927 
757546 
741162 
773932 
773935 
757553 
741169 
757558 
773944 
741176 
757563 
773949 
757568 
741185 
773954 
773959 
757577 
741194 
773966 
741199 
757586 
773971 
741206 
773976 
773981 
741215 
757601 
773988 
757606 
741222 
773991 
773996 
757615 
741231 
774001 
741236 
757622 
774010 
741243 
774013 
757631 
774018 
741250 
757638 
774023 
741257 
757645 
774030 
741264 
774037 
757654 
741271 
774040 
774043 
757661 
774046 
774051 
757668 
741285 
774054 
774057 
757677 
774062 
741294 
774065 
741301 
774070 
757686 
774075 
757693 
774082 
774085 
741317 
757702 
757705 
774092 
757710 
774095 
774100 
741332 
757719 
774107 
757724 
741341 
774110 
757729 
774115 
774118 
757734 
741350 
774123 
757739 
774128 
757748 
741364 
774133 
774138 
757755 
774143 
757760 
741376 
774148 
757765 
774153 
774156 
757772 
741390 
774161 
757779 
774166 
757782 
741399 
757787 
774173 
741406 
774176 
757796 
774181 
741416 
774186 
757803 
757806 
774191 
757811 
741427 
774198 
757816 
774203 
757820 
774208 
757827 
741444 
757832 
774217 
757835 
741451 
774222 
741456 
774225 
757842 
757845 
741465 
774234 
757850 
757853 
774239 
741474 
774246 
757862 
757865 
741481 
757870 
774255 
774260 
757877 
774265 
757882 
774268 
757885 
741502 
774273 
757892 
774280 
757897 
774285 
741517 
774288 
757906 
774291 
774296 
774299 
757915 
774302 
757922 
774307 
757925 
774312 
741547 
757932 
774319 
757935 
774322 
741556 
757944 
774329 
741563 
757951 
774338 
741570 
757956 
757959 
774345 
757964 
757967 
774352 
741586 
757972 
774357 
741593 
774362 
757979 
757982 
774367 
741605 
774376 
741612 
757998 
774385 
758005 
774390 
741625 
758010 
774397 
758013 
774402 
741634 
774409 
758027 
741643 
774418 
758034 
741654 
774423 
758041 
774428 
758046 
741663 
758049 
774437 
741670 
774440 
758056 
741677 
774447 
758063 
741682 
758068 
774454 
774459 
758075 
741691 
774461 
758082 
774468 
741700 
758085 
774471 
774474 
758092 
741709 
774479 
758099 
741716 
774486 
758108 
741725 
774495 
758115 
741734 
758122 
758127 
758130 
774515 
741747 
758133 
741754 
758140 
774525 
758147 
741763 
774534 
758152 
774539 
758155 
741774 
758162 
741781 
774551 
758169 
758174 
741790 
758175 
774560 
741797 
774567 
758184 
758187 
774572 
741806 
774575 
758192 
741813 
758199 
774586 
758202 
741820 
758205 
774591 
741827 
758212 
758215 
774600 
758220 
741836 
774612 
758229 
741845 
758234 
774619 
741852 
758237 
741859 
774628 
758244 
774633 
758251 
741868 
774638 
758256 
741873 
758259 
774644 
741880 
758266 
774651 
774654 
741887 
758275 
758282 
774669 
758287 
741906 
758294 
774680 
741913 
774687 
758303 
741920 
758306 
774695 
758313 
741929 
758318 
741934 
774706 
774709 
758325 
774712 
774715 
741947 
774716 
758332 
774721 
758337 
774724 
741956 
774727 
758344 
774730 
741963 
774735 
758351 
774738 
741970 
774739 
758358 
774744 
741977 
774749 
758365 
774752 
741986 
758372 
774757 
774762 
758379 
741995 
774767 
758384 
742000 
758385 
774772 
758392 
774777 
758395 
742013 
774782 
758402 
774787 
742020 
774790 
758407 
758410 
774795 
742027 
758415 
774800 
758418 
742034 
774803 
774808 
758425 
742043 
774813 
758430 
758431 
774818 
742050 
758436 
774823 
758443 
742059 
774828 
758446 
742066 
758451 
774837 
758458 
742075 
758465 
774850 
742082 
758468 
742087 
774859 
758478 
742096 
758481 
774866 
758487 
774873 
774876 
758492 
742114 
758499 
774886 
774888 
758504 
774895 
758511 
742127 
758514 
774901 
758517 
742136 
774906 
758524 
758527 
774913 
758532 
774918 
758535 
758538 
774923 
758545 
774932 
742167 
758552 
774937 
758557 
742174 
758560 
774947 
758567 
742184 
774956 
758574 
742193 
758579 
774967 
742200 
758586 
774972 
758589 
774975 
742207 
758592 
774980 
742212 
774983 
758599 
774984 
758602 
774987 
742219 
774990 
774991 
758607 
758610 
742228 
758613 
742235 
775004 
758620 
775011 
758627 
742244 
775016 
758632 
775017 
758635 
742251 
775020 
742256 
758642 
775027 
758645 
742265 
775034 
758652 
775039 
742272 
775042 
758661 
775047 
775048 
742281 
775051 
758668 
775054 
775055 
775058 
742292 
775061 
758677 
775062 
775067 
742301 
758686 
775075 
742308 
758693 
775080 
775081 
775084 
758700 
742317 
775089 
758707 
775092 
742324 
775093 
775096 
758714 
775099 
742331 
775100 
742336 
758721 
775108 
758726 
775111 
742345 
775116 
758733 
775119 
775120 
742354 
775123 
758740 
775126 
775127 
758747 
742363 
775132 
758750 
742370 
775141 
758757 
775146 
758762 
775147 
742379 
758765 
775150 
758770 
742388 
758773 
775159 
775164 
758780 
742397 
758785 
758786 
775171 
742404 
758789 
775174 
758796 
775183 
758799 
742418 
758806 
775194 
742427 
775197 
758813 
775200 
758818 
775203 
775204 
742436 
758821 
775209 
742443 
758828 
758831 
775216 
758836 
775223 
758845 
775230 
742465 
775235 
775236 
758852 
775237 
758855 
742472 
758858 
775244 
758863 
742481 
758866 
775251 
758869 
758872 
742488 
775258 
775263 
758879 
742495 
775268 
758886 
775271 
775276 
742508 
758893 
775279 
775282 
758898 
742515 
775285 
758903 
775289 
775290 
742522 
775291 
758910 
775296 
775299 
742531 
775302 
775303 
758919 
775306 
742540 
775309 
775310 
758926 
758929 
742545 
775315 
758934 
742552 
775322 
775327 
758944 
742561 
775332 
758951 
742568 
775337 
775340 
775341 
758958 
775344 
742577 
775347 
758963 
775348 
775351 
758968 
742584 
775354 
775355 
758975 
742591 
775360 
775361 
758982 
775368 
742600 
758989 
775375 
775376 
758992 
742609 
758997 
775384 
742616 
759005 
775392 
742625 
759012 
742630 
775401 
759017 
759020 
775406 
742639 
759025 
775413 
742646 
759032 
775420 
775421 
742653 
759039 
775428 
759044 
742660 
759049 
742665 
775435 
759054 
775440 
759057 
742674 
775443 
775451 
742683 
775452 
759068 
775457 
742690 
775460 
759077 
775465 
742699 
775468 
759084 
775469 
775472 
775475 
759091 
775476 
742708 
775481 
742715 
759100 
775488 
759107 
742724 
775495 
775498 
742733 
759118 
775503 
742738 
759123 
775508 
775509 
742745 
775516 
742754 
775523 
759139 
742761 
775530 
759146 
775535 
775538 
759154 
742770 
759157 
775543 
742775 
775546 
775547 
759163 
775550 
759166 
742782 
775553 
775554 
775557 
759173 
742789 
775560 
759176 
775561 
759179 
742796 
775566 
775567 
759186 
742803 
759189 
775574 
742808 
759194 
775579 
775581 
759199 
742817 
775586 
775587 
775590 
759206 
742824 
775595 
759211 
775598 
775599 
742833 
775602 
759220 
775605 
775606 
742840 
759225 
775611 
742847 
759233 
775618 
742856 
775625 
775628 
759244 
742863 
775633 
759249 
742870 
775640 
759256 
759259 
775645 
775646 
759264 
775649 
742883 
759269 
775658 
759274 
742890 
775665 
759283 
742899 
775670 
759290 
742906 
775675 
759293 
775680 
775681 
742913 
759298 
775684 
775689 
759305 
742922 
775692 
759308 
775693 
775696 
759313 
742929 
775699 
775700 
759318 
742936 
775705 
775706 
742941 
775711 
775712 
775715 
759331 
742948 
775720 
759336 
775723 
775724 
742957 
775727 
775730 
775731 
759347 
742964 
775734 
759352 
775737 
775738 
759357 
742973 
775743 
759362 
742980 
759365 
775752 
742987 
759372 
775759 
759375 
742996 
775766 
759382 
775769 
743003 
759389 
775774 
759394 
775779 
775780 
743012 
775785 
759401 
743019 
775792 
743026 
759414 
775799 
743031 
775804 
759421 
743040 
775809 
775814 
775815 
759432 
743049 
775818 
775823 
759439 
743056 
775826 
775827 
775830 
775833 
743065 
775834 
759450 
775839 
775840 
743072 
759461 
775847 
759464 
743081 
775850 
775851 
759471 
775856 
743090 
775861 
759478 
743095 
775864 
759483 
775869 
743102 
775872 
759488 
775873 
775876 
775879 
743111 
775880 
759497 
759500 
775885 
743118 
759505 
775892 
743127 
759512 
775899 
775902 
743134 
759521 
775907 
743141 
775914 
759530 
743148 
775919 
759535 
775920 
775923 
743155 
759540 
759547 
775932 
743164 
759552 
775939 
743171 
759557 
775944 
743180 
775949 
759568 
775954 
775955 
743187 
759573 
775958 
743194 
775963 
759580 
775966 
775967 
759585 
775970 
743203 
775973 
775974 
759590 
743210 
775979 
775980 
759599 
775985 
743217 
775986 
775991 
743224 
759610 
775996 
775999 
743231 
776000 
759617 
776003 
776006 
776007 
759624 
743240 
776010 
776013 
776014 
743247 
776019 
759635 
743254 
759640 
776028 
759647 
743263 
776035 
759656 
743272 
776042 
776045 
743279 
759665 
776050 
759670 
743286 
776055 
776056 
759673 
776061 
743295 
759680 
776068 
743300 
759687 
776075 
743307 
759694 
776080 
743316 
776086 
776087 
776090 
759707 
743323 
776095 
759714 
776100 
743332 
776101 
776106 
759723 
743339 
776111 
776114 
759730 
743348 
776119 
759735 
743355 
776124 
759740 
776127 
776130 
759747 
743364 
759752 
743371 
776141 
776146 
759763 
743380 
776151 
743387 
776156 
759772 
743394 
776163 
759779 
743399 
759786 
776172 
743408 
776179 
759795 
776184 
759800 
743417 
776189 
743424 
759811 
776196 
759816 
776201 
743433 
776202 
776207 
759823 
743442 
776212 
776215 
743449 
759834 
776220 
776223 
776226 
743458 
759847 
776233 
743465 
759850 
776238 
759857 
743474 
776243 
776250 
776251 
743483 
776254 
759870 
743488 
759875 
776261 
743495 
776266 
759886 
776271 
743504 
776278 
759895 
743511 
759904 
743520 
776292 
743525 
776295 
759913 
743532 
776302 
759920 
776305 
743539 
776312 
759929 
743546 
776315 
776318 
743553 
759940 
743558 
776327 
759947 
776333 
743567 
776338 
759958 
743574 
776351 
743583 
776352 
759969 
759972 
776357 
743590 
776363 
759979 
743597 
776370 
759986 
776371 
776372 
743606 
776377 
759993 
776380 
743613 
759998 
776383 
776384 
776387 
743620 
760005 
776392 
776395 
743629 
776398 
760018 
776403 
743636 
776406 
760025 
743641 
776411 
760030 
776416 
776417 
743650 
776420 
760039 
776427 
743659 
760044 
776430 
776433 
743666 
776436 
760055 
776441 
743673 
776444 
760062 
776447 
743682 
776452 
776454 
743687 
760073 
776459 
776462 
743694 
776465 
776468 
760084 
776471 
760087 
743703 
776472 
760094 
743710 
776479 
776480 
776481 
743715 
776484 
776487 
760103 
776490 
776492 
743724 
776493 
776497 
776498 
760114 
776499 
743733 
760119 
776508 
743740 
776511 
776512 
776515 
743749 
760134 
776522 
743756 
776525 
760141 
776526 
776529 
776530 
743765 
760150 
776536 
776539 
743772 
760157 
776547 
743779 
776550 
760166 
743784 
776553 
760171 
776558 
760176 
776561 
743793 
776564 
760181 
776569 
743802 
776572 
760192 
776577 
743809 
760197 
776582 
776583 
776586 
743818 
760204 
776591 
760209 
743825 
776596 
760214 
776599 
743832 
776602 
760221 
776607 
743839 
776610 
743844 
776613 
760230 
743849 
776618 
776619 
760237 
776624 
743856 
776627 
760244 
776630 
743863 
776633 
776636 
776637 
760253 
743870 
760256 
776642 
743875 
760261 
776647 
760266 
743882 
776652 
776653 
743887 
776658 
776659 
760277 
743894 
760282 
743901 
776670 
776671 
776672 
760289 
776675 
743908 
776678 
760294 
776679 
776682 
743915 
776685 
776688 
743920 
776689 
760307 
776692 
776694 
743927 
760314 
776699 
776700 
743934 
776703 
760321 
776706 
743939 
760326 
776711 
776714 
743946 
776715 
776716 
760333 
776719 
743953 
760340 
776727 
743960 
776730 
776733 
760349 
743967 
760354 
776740 
743974 
776745 
760361 
776746 
743979 
776749 
776754 
760370 
743986 
776755 
776758 
743993 
776763 
776766 
760383 
744000 
776769 
776770 
760386 
776773 
744005 
760393 
776778 
744012 
776781 
776784 
760400 
744017 
776789 
744022 
760407 
776792 
776797 
744029 
760416 
776802 
776803 
744036 
776806 
760423 
776811 
744043 
760428 
776816 
760433 
744050 
776819 
760440 
776825 
744057 
760445 
776832 
744064 
776833 
776838 
744071 
760456 
776843 
776844 
776845 
776846 
744078 
776849 
760465 
776852 
776853 
744085 
776856 
760474 
744090 
776859 
776860 
776863 
760479 
776864 
744097 
776867 
776870 
760486 
744102 
776873 
776874 
744109 
776879 
776882 
760499 
744116 
776885 
776890 
760506 
776891 
744123 
776894 
776895 
760511 
744130 
776899 
776902 
776905 
744137 
760522 
776908 
776911 
744144 
760531 
776916 
744151 
760536 
776926 
760543 
744160 
776931 
776934 
744169 
760554 
776939 
776944 
776945 
744178 
760563 
776948 
776951 
776958 
760576 
744193 
776963 
760579 
776967 
776970 
760586 
744208 
776978 
760595 
776981 
776984 
776985 
744217 
776986 
776987 
776990 
744224 
776995 
776998 
777001 
744233 
760621 
777006 
777007 
744240 
777010 
777013 
777014 
744247 
760632 
777019 
744252 
777022 
777023 
760639 
777028 
777029 
744261 
777032 
760650 
777037 
744270 
777040 
777043 
744275 
777044 
760661 
777047 
760664 
777052 
744284 
777055 
760671 
777058 
777063 
760680 
777066 
744299 
777071 
760691 
777076 
777077 
777080 
760696 
744314 
777087 
744321 
777090 
777093 
744326 
760711 
777096 
777101 
760718 
777104 
744337 
777107 
760727 
777112 
777113 
744348 
777118 
777121 
760739 
777124 
744356 
777127 
760744 
777130 
777131 
760749 
777134 
777137 
744371 
777142 
760760 
744380 
777149 
777150 
777153 
760770 
744387 
777156 
777161 
760779 
777164 
777169 
760786 
744402 
777172 
777177 
760793 
777178 
760798 
777183 
744417 
777188 
777189 
777190 
760811 
760817 
777206 
760824 
777209 
744441 
777214 
760831 
777217 
744450 
777222 
760838 
744457 
777227 
744464 
777236 
777239 
744471 
777244 
760862 
744478 
777247 
777250 
744483 
777255 
760871 
777256 
760876 
777261 
777264 
744496 
760881 
777267 
777268 
760886 
777273 
760889 
777276 
760892 
777281 
744513 
760899 
777284 
760902 
744518 
777287 
777290 
760907 
777296 
760912 
777299 
777300 
760917 
777303 
760920 
744540 
760925 
777311 
777317 
760935 
777323 
760940 
777326 
777329 
760945 
777330 
744563 
777334 
760950 
777337 
777340 
777345 
744581 
777350 
777353 
744586 
777359 
777361 
777366 
744598 
777369 
777370 
777373 
744605 
777374 
760991 
777379 
744612 
760997 
777382 
761000 
777387 
744621 
777393 
777396 
744628 
761016 
777403 
761019 
744639 
777408 
777409 
777410 
777413 
744646 
761031 
777416 
744651 
777421 
761039 
777424 
744656 
761042 
777427 
777428 
777431 
744663 
777436 
744668 
777439 
777442 
761059 
744675 
777447 
777450 
744682 
761068 
777455 
744689 
777460 
777461 
744694 
777464 
761081 
777469 
777472 
761089 
744705 
777475 
744711 
777480 
777483 
777486 
744720 
761106 
777491 
777492 
744727 
777497 
777500 
744732 
777503 
761120 
777506 
777507 
744739 
777508 
761126 
777513 
744746 
777518 
744755 
777525 
777526 
761143 
744762 
777531 
777532 
777533 
761150 
777536 
744769 
777539 
777542 
761158 
744774 
777545 
761163 
744779 
777548 
777549 
777552 
761168 
777553 
744786 
761171 
777556 
777559 
744793 
777562 
761178 
777563 
761181 
777569 
761186 
744802 
777572 
777573 
761191 
777577 
744809 
777580 
761196 
777583 
761199 
744816 
777588 
761204 
744821 
761207 
777594 
761210 
744828 
777597 
761213 
777600 
777601 
744833 
777602 
761218 
761221 
744840 
761226 
761229 
744845 
777614 
777616 
777620 
761236 
761239 
744857 
777626 
777627 
761244 
777631 
777634 
744866 
761251 
777637 
777640 
761256 
777641 
777642 
744874 
761259 
777645 
744879 
777648 
761266 
777651 
761269 
777656 
761274 
744890 
777659 
777662 
761279 
777667 
777668 
761284 
744901 
777671 
761287 
777674 
777675 
744908 
761294 
777680 
761297 
744913 
777683 
777684 
761300 
777687 
744920 
761307 
777692 
744925 
761312 
777699 
777700 
744934 
777703 
761319 
761322 
777708 
761325 
744941 
777711 
777714 
761330 
777715 
761331 
777718 
744950 
761336 
777723 
761341 
777726 
744959 
761346 
777731 
761349 
777734 
777737 
761354 
744970 
777740 
761357 
761360 
777745 
777746 
744979 
777749 
761365 
761368 
761371 
777756 
744988 
761374 
777759 
777762 
744997 
777767 
761383 
777770 
761388 
745004 
777773 
777776 
777779 
777780 
761397 
745013 
777785 
777790 
761406 
777793 
777794 
761411 
745032 
777801 
777804 
777809 
777812 
777815 
777824 
761440 
761443 
777829 
777830 
745062 
777835 
761452 
777838 
761459 
745075 
777845 
761466 
745082 
777853 
745088 
777859 
761475 
745097 
761482 
777868 
761487 
761490 
745106 
745111 
777882 
761499 
745116 
777885 
777888 
745123 
761508 
777893 
777896 
745128 
777897 
761515 
745133 
777902 
761524 
745140 
777911 
777912 
745145 
777915 
777916 
761533 
777921 
761538 
777924 
777927 
745159 
777930 
761547 
777933 
777934 
777937 
761556 
777942 
745174 
761563 
745179 
777949 
777952 
761570 
745186 
777959 
777960 
745193 
777963 
761579 
777969 
761586 
777972 
777977 
777978 
761595 
777981 
777984 
745216 
777985 
777986 
761602 
777991 
761607 
745223 
761610 
777996 
745230 
778001 
778002 
778007 
761623 
745239 
778008 
778013 
745246 
761632 
778018 
778019 
745251 
778020 
761639 
745256 
778027 
778028 
778029 
761646 
745263 
778032 
778035 
761655 
778040 
745272 
778043 
761660 
745277 
778046 
778047 
778050 
761669 
745286 
778055 
778058 
761676 
778061 
745293 
761681 
778066 
745300 
778069 
761686 
761689 
745305 
778074 
778079 
778080 
745312 
761698 
778083 
745319 
778088 
761707 
745324 
778093 
778096 
761714 
778099 
745331 
778104 
745338 
778107 
761723 
778110 
745345 
761730 
778115 
778116 
745352 
778121 
761739 
778124 
778127 
761744 
745361 
778130 
778131 
761747 
761750 
778136 
745368 
778141 
745373 
761759 
778146 
745378 
778147 
761764 
778152 
778153 
745387 
778156 
761773 
778159 
778161 
778164 
761780 
778167 
778170 
745402 
778171 
778172 
778173 
761789 
778174 
778177 
745409 
761794 
778180 
778181 
778184 
778187 
761803 
778188 
778191 
778192 
761810 
745426 
778197 
778200 
778201 
745433 
761819 
778204 
778205 
761824 
778212 
745446 
778215 
761831 
778216 
778219 
745453 
778222 
761840 
778227 
745459 
761845 
778232 
778235 
778238 
761854 
778239 
745472 
778244 
778247 
761863 
778248 
745480 
778249 
778252 
778253 
778254 
761870 
745487 
778259 
745494 
761879 
778266 
778267 
778270 
761886 
745503 
778275 
745510 
761895 
778280 
778281 
745515 
778284 
778285 
778288 
761904 
745524 
761909 
778295 
761914 
778300 
778301 
761917 
745533 
778304 
778309 
761926 
745542 
778314 
778315 
745547 
778318 
761935 
745552 
778323 
778326 
761942 
745559 
778329 
778330 
761947 
778333 
761950 
745566 
778338 
745571 
778341 
761957 
778344 
745578 
761964 
778349 
778352 
761969 
745585 
778357 
745590 
761976 
778362 
778363 
745597 
778366 
761983 
778371 
778376 
761992 
778379 
761997 
778382 
762002 
778387 
745620 
778390 
778393 
762009 
745629 
778398 
778399 
762019 
778404 
745636 
778407 
778410 
762026 
778411 
745643 
778418 
762035 
745651 
778421 
778422 
778425 
762042 
745658 
778428 
778429 
778430 
778433 
762051 
778436 
778437 
762054 
745671 
778440 
778443 
745676 
778446 
778447 
745683 
778452 
778453 
778456 
778459 
762076 
745692 
778462 
778465 
745697 
778466 
778467 
762085 
745702 
778472 
778475 
745709 
762094 
778480 
778481 
778484 
745716 
778487 
762103 
778488 
745723 
745728 
778498 
762114 
778501 
745735 
778506 
778507 
762123 
778510 
745742 
778513 
745747 
778516 
778517 
762134 
778522 
745754 
778525 
762143 
778528 
778529 
778532 
762150 
778535 
778538 
778539 
745772 
762159 
778544 
778547 
778548 
745781 
778551 
778552 
762168 
778557 
778558 
745790 
778561 
762177 
778564 
745797 
762184 
778571 
745804 
762189 
778574 
762192 
745811 
778581 
778582 
762199 
778585 
778586 
745818 
762206 
778591 
778594 
778595 
762211 
745827 
778598 
778601 
778602 
745834 
762220 
778605 
745839 
778610 
745844 
762229 
778615 
778620 
762236 
778625 
778626 
745858 
762245 
778631 
745863 
778632 
778637 
762254 
745873 
778642 
778643 
762259 
778644 
762264 
778651 
762267 
745883 
778652 
778653 
778656 
745890 
778659 
762276 
778662 
778665 
745897 
762285 
778670 
745904 
778673 
778676 
778677 
745911 
778680 
762296 
762299 
778685 
778688 
745920 
762306 
778691 
762309 
745927 
778696 
762314 
778699 
745932 
762319 
778704 
778709 
778710 
762326 
745943 
778713 
778718 
762334 
745950 
778721 
762339 
778724 
745959 
778729 
762346 
778732 
745964 
762351 
778737 
745969 
762354 
778740 
778745 
762361 
745977 
778746 
762366 
778751 
745984 
778754 
762371 
778757 
745991 
778760 
762378 
778763 
778764 
745996 
762383 
778769 
762386 
746003 
778774 
746010 
762395 
778781 
778782 
762400 
778785 
778786 
778787 
778790 
762407 
778793 
778794 
762410 
778797 
762413 
746029 
778800 
778803 
778804 
762420 
778805 
762423 
778808 
778809 
762426 
778812 
778815 
746049 
778818 
778819 
762435 
778820 
746056 
778825 
778828 
762444 
778831 
746065 
778834 
778837 
762453 
746070 
778840 
778841 
762458 
746075 
778844 
778845 
762463 
762466 
746082 
778852 
778853 
762469 
778854 
778857 
746089 
778860 
762476 
778863 
746096 
778866 
778869 
762485 
746101 
778870 
778875 
762492 
746108 
778878 
778881 
762497 
778882 
746115 
778885 
762504 
778890 
746123 
778893 
762511 
778896 
762516 
778901 
746134 
778904 
762523 
778909 
746143 
762528 
762529 
778914 
778915 
778918 
746150 
762536 
778921 
746157 
778928 
762545 
746164 
778933 
762550 
778936 
778939 
746171 
762557 
778944 
762560 
746178 
778947 
762567 
778952 
778955 
746187 
762572 
778960 
778961 
746194 
762579 
778964 
778967 
746199 
778968 
762584 
778969 
746204 
762589 
778974 
762592 
778977 
778978 
746211 
778981 
762597 
778982 
778983 
778986 
762604 
746220 
778989 
778990 
762609 
746225 
778997 
762614 
746230 
779000 
762619 
746237 
779007 
779008 
762626 
779011 
779012 
746244 
762629 
762632 
779017 
746251 
779020 
762637 
779023 
746256 
779028 
762644 
779029 
746263 
779032 
779035 
762651 
779036 
746270 
762656 
779041 
762659 
746275 
779046 
762666 
746282 
779051 
779052 
779057 
762673 
746289 
779058 
762678 
779063 
746296 
762683 
779068 
779069 
779070 
762686 
746303 
762689 
779077 
779078 
779079 
762696 
746312 
779082 
779085 
762703 
746319 
779088 
746324 
779093 
762710 
779096 
746329 
779099 
779100 
762717 
779103 
746338 
779108 
779111 
762728 
746345 
779114 
779119 
762735 
779122 
746354 
762742 
779127 
746363 
779132 
779133 
762749 
779136 
746368 
762754 
779141 
746375 
779144 
762761 
779147 
762766 
746382 
779152 
779155 
762771 
746389 
779160 
762778 
779163 
746396 
762783 
779168 
779169 
762788 
746405 
779174 
779177 
779180 
746412 
779183 
762801 
746417 
779186 
779187 
746422 
779192 
762812 
779197 
746429 
779204 
779205 
746438 
779208 
762824 
779209 
779210 
746443 
779213 
779216 
746448 
779217 
779220 
779223 
746455 
779224 
779227 
779228 
746462 
779233 
779234 
779237 
746469 
779240 
762857 
746474 
779243 
779246 
779247 
779248 
762864 
746481 
762867 
779253 
779256 
746488 
779257 
762874 
779260 
779261 
762877 
746493 
779262 
779265 
762882 
746500 
762887 
779272 
762890 
746507 
779277 
779278 
762895 
779281 
762898 
746514 
762899 
779284 
762902 
779289 
762905 
746521 
762906 
762909 
779294 
779295 
779298 
762914 
746530 
762915 
779301 
779304 
762920 
779305 
746537 
762923 
762924 
779310 
746542 
779313 
762929 
746547 
779316 
779317 
762934 
779320 
762937 
762940 
746556 
779325 
762941 
779328 
762944 
779331 
746563 
762949 
779336 
762952 
779339 
762955 
746572 
762958 
762959 
779344 
762964 
779349 
746581 
779350 
779353 
762969 
746586 
779358 
762976 
779361 
746593 
779364 
762983 
746600 
779369 
779372 
762988 
746605 
779375 
762993 
779380 
746612 
779381 
762998 
779384 
746617 
779387 
763003 
779388 
763006 
763007 
746624 
779393 
779396 
763012 
779397 
763015 
746631 
779400 
779401 
763020 
746636 
779406 
779407 
779410 
763027 
746643 
779413 
763032 
746650 
779420 
779423 
763041 
746659 
763044 
779430 
779431 
763047 
779434 
746666 
779435 
763054 
746671 
779440 
779443 
763059 
779444 
746676 
779447 
763064 
779450 
779451 
746683 
779454 
763071 
763074 
779459 
746692 
763079 
779464 
746697 
779469 
763086 
746704 
779474 
779475 
763091 
746711 
779480 
763096 
779481 
763099 
779486 
746718 
763106 
779491 
746723 
779492 
779493 
763111 
746730 
779500 
763116 
779501 
779502 
763119 
779505 
746737 
779508 
763126 
746742 
779511 
779514 
763131 
746749 
779519 
779522 
763140 
746756 
779525 
779526 
779529 
746763 
763149 
779534 
779537 
763154 
746770 
779540 
763159 
779545 
746779 
779548 
763164 
779553 
763169 
746786 
779558 
779559 
746791 
763176 
779562 
746796 
779567 
763183 
779570 
779573 
746805 
763190 
779578 
763195 
746812 
779581 
763198 
779586 
779589 
763205 
746821 
779594 
763210 
779595 
746830 
779600 
779603 
763219 
746835 
779606 
779609 
763226 
746842 
779612 
779613 
763231 
746849 
779618 
763238 
779623 
746856 
779630 
779631 
763247 
746863 
779634 
779635 
779636 
746868 
763254 
779639 
779642 
779643 
746875 
763261 
779646 
779649 
746882 
779652 
779653 
779654 
763270 
746887 
779657 
779658 
779659 
763277 
779662 
746894 
779665 
779666 
779667 
763284 
746901 
763287 
779672 
763290 
779675 
763293 
779678 
746910 
779681 
763298 
779684 
746917 
779687 
763303 
779688 
779689 
779690 
746922 
763310 
746927 
779697 
779698 
779699 
763315 
779702 
746934 
763320 
779705 
779706 
763323 
779709 
763326 
746943 
779712 
779713 
763329 
746948 
779718 
763334 
779721 
746953 
779724 
779725 
763341 
779728 
746960 
763346 
779733 
763351 
746967 
779736 
779739 
746974 
779744 
763360 
779747 
763363 
746979 
763366 
779752 
746986 
779755 
779756 
763373 
779759 
746993 
779762 
763378 
746998 
763383 
779769 
747005 
779774 
763390 
779777 
763393 
779780 
747012 
763398 
779785 
763403 
747019 
779788 
763408 
779793 
747026 
779796 
763413 
779799 
779800 
763418 
779803 
747035 
763421 
779806 
779807 
779808 
763424 
747042 
779813 
763429 
747047 
779816 
779817 
763435 
779820 
747052 
779821 
779822 
763438 
779825 
779826 
779827 
763445 
747061 
779834 
763450 
747068 
779837 
763455 
779842 
763458 
779843 
747077 
779846 
779847 
763465 
779852 
747086 
779855 
779858 
763474 
747091 
779863 
763479 
779864 
763482 
747098 
779867 
779870 
779871 
747105 
763491 
779876 
747112 
779881 
763500 
779886 
779887 
747119 
763507 
779892 
747124 
779893 
779896 
763512 
747131 
779901 
763517 
779902 
779903 
747138 
763524 
779910 
779911 
747143 
779912 
779915 
763531 
779918 
747150 
779919 
763538 
779924 
747157 
779927 
763545 
779930 
779931 
779934 
763550 
747166 
779939 
763555 
747173 
779942 
779945 
747178 
763564 
779950 
747183 
779953 
763569 
779958 
763574 
747190 
779961 
779962 
779965 
763583 
747199 
779970 
747204 
779973 
763590 
779976 
763595 
747211 
779981 
779984 
763600 
747218 
779989 
779992 
763609 
747225 
779995 
779996 
747230 
763616 
780001 
780004 
747237 
780007 
763623 
780010 
763628 
747244 
780013 
780014 
763633 
780019 
763638 
747254 
780024 
763643 
780029 
780030 
747263 
780033 
763650 
780038 
763655 
747272 
780043 
763660 
780046 
763663 
747281 
763668 
780053 
747288 
763673 
780058 
763676 
763677 
780063 
747295 
780068 
763684 
747302 
763689 
780075 
747309 
780080 
763696 
747314 
780085 
747317 
763703 
780090 
763708 
780093 
747326 
780096 
763715 
763718 
780103 
747335 
763723 
780108 
747342 
780111 
763730 
780116 
747349 
780119 
763737 
747356 
780126 
763744 
780133 
763749 
747365 
780138 
763754 
747370 
780141 
747373 
780144 
763761 
780147 
780152 
763768 
747387 
780157 
763775 
780162 
747394 
763780 
780169 
763785 
747405 
780174 
763790 
763795 
780182 
747414 
763800 
780187 
747421 
763807 
780192 
763812 
780197 
747430 
763817 
747435 
780204 
763820 
780209 
763825 
747444 
763830 
780215 
763833 
747449 
763836 
780222 
747456 
763841 
780227 
763846 
747463 
780234 
747468 
763853 
780239 
747473 
780242 
763858 
763861 
747478 
763864 
780249 
747485 
763871 
780256 
780259 
780260 
763876 
747492 
763881 
747499 
763886 
763889 
780276 
747508 
763896 
763901 
747517 
780287 
747522 
763910 
780296 
747529 
780303 
763919 
763924 
747540 
780310 
763929 
780317 
747549 
780320 
763936 
763939 
747558 
780327 
763944 
747563 
747566 
763951 
780336 
763954 
747573 
780343 
763959 
747580 
780350 
763966 
763971 
780357 
747589 
763976 
780362 
763979 
780367 
763984 
747605 
780374 
763991 
763996 
780381 
747614 
780386 
764003 
747623 
764008 
780393 
764015 
780400 
764018 
747634 
780405 
764021 
780408 
747641 
764026 
780413 
764031 
780416 
747650 
780421 
764038 
747657 
780426 
764043 
764046 
780433 
764049 
780440 
764056 
780441 
780446 
764063 
780449 
764070 
747686 
780458 
764075 
747693 
780465 
764082 
764087 
780472 
747704 
764092 
780479 
764097 
747715 
780488 
764104 
747720 
764109 
780495 
764114 
780500 
764117 
764120 
780507 
764123 
764126 
780512 
747745 
780519 
764135 
747754 
780526 
764142 
764145 
747761 
780531 
747768 
780538 
764154 
747775 
780545 
764161 
747780 
780552 
764170 
780557 
747789 
764179 
780564 
747798 
764184 
780574 
764191 
780579 
764198 
780584 
764203 
780589 
747821 
780594 
747826 
764212 
780599 
764217 
780606 
764224 
780613 
764231 
747850 
780620 
764236 
764239 
747857 
780629 
764248 
780634 
747866 
780639 
764255 
747875 
780644 
764262 
747880 
780651 
764271 
747891 
764278 
780664 
780665 
764285 
780670 
747902 
764288 
764291 
764294 
780679 
764299 
780684 
747918 
764304 
780689 
780692 
780695 
764311 
747929 
780700 
764316 
780705 
764321 
764324 
747942 
780712 
764329 
764332 
780717 
747950 
764335 
780724 
764342 
780729 
764347 
747964 
780738 
764354 
747974 
780745 
764361 
747979 
780750 
764366 
764367 
747986 
764372 
780757 
764377 
780762 
780767 
764384 
748000 
780770 
764389 
748005 
764392 
780777 
764395 
748012 
780782 
748015 
764402 
780787 
764407 
780792 
748025 
780797 
764414 
780804 
764421 
780809 
764426 
780812 
764431 
748047 
780817 
764434 
748052 
764439 
780826 
748059 
780829 
764446 
748062 
780832 
780835 
764451 
748069 
764456 
780842 
748076 
780845 
764461 
764464 
780850 
748083 
764471 
748088 
780857 
780862 
764480 
780867 
748099 
764485 
780872 
764488 
748108 
780877 
764497 
748115 
780884 
780887 
764506 
748122 
780894 
764513 
780901 
764518 
748134 
764523 
780908 
748143 
764528 
780913 
764533 
780918 
748150 
780921 
748153 
780924 
764540 
748160 
764545 
780931 
764550 
780936 
748174 
780943 
764559 
748177 
764562 
780948 
780951 
748184 
764569 
764570 
748189 
780958 
764577 
764582 
780967 
748199 
748202 
764587 
780974 
764590 
748209 
780979 
764597 
780986 
748218 
764606 
780991 
764611 
748227 
780998 
764614 
748232 
781003 
748237 
764623 
781012 
764632 
748248 
781019 
764637 
781024 
764642 
748258 
781031 
748264 
764649 
781036 
764652 
781041 
764657 
748274 
781046 
764664 
781051 
764667 
781056 
764672 
748288 
764677 
781063 
748296 
764682 
781068 
764687 
748305 
781075 
764692 
764695 
748311 
764698 
781084 
764705 
764708 
781093 
748328 
764713 
781100 
748333 
764720 
781105 
764723 
748340 
781112 
764728 
748345 
781117 
764733 
748350 
781122 
764738 
764743 
748362 
764748 
781133 
764751 
748369 
781138 
764755 
748372 
781145 
748377 
764764 
748382 
764773 
748389 
748394 
781163 
764780 
781166 
748399 
748402 
781173 
764789 
748407 
781180 
764796 
748414 
781183 
764801 
781186 
748419 
764804 
781189 
748424 
781194 
764811 
781199 
748431 
764816 
781202 
748436 
781205 
764821 
781206 
748441 
781211 
764827 
781214 
748448 
781217 
764834 
748453 
781222 
764839 
748458 
781227 
748463 
781232 
764848 
748464 
781235 
764853 
748469 
781240 
764858 
748474 
781245 
764861 
748479 
781250 
748484 
764870 
781258 
748491 
764876 
781263 
748496 
764883 
748501 
781270 
764888 
748506 
781275 
748507 
748510 
764895 
781280 
764898 
748515 
781285 
764903 
781290 
764906 
748522 
781295 
764911 
748527 
764914 
781300 
764919 
748536 
781305 
748540 
781310 
764926 
764931 
748547 
764938 
748554 
781324 
748559 
781329 
764945 
748566 
764952 
781338 
764955 
748571 
781342 
748576 
764964 
781349 
781352 
748585 
781357 
764973 
748592 
781362 
764980 
748597 
781369 
781370 
764987 
748604 
781375 
764994 
748611 
781380 
781383 
764999 
748616 
781390 
748623 
765010 
748626 
781395 
748631 
781400 
765017 
748636 
765022 
781409 
765027 
748643 
781416 
765034 
748651 
781421 
781424 
765041 
748658 
748661 
765046 
781431 
765049 
781436 
765052 
781441 
748674 
765059 
781448 
765066 
748683 
781453 
748688 
765073 
781460 
748693 
765080 
748700 
781469 
765087 
748705 
781476 
765092 
748712 
781481 
765097 
765102 
748719 
781488 
748724 
781493 
765109 
748729 
781498 
765114 
748734 
765119 
748735 
765122 
781507 
765123 
748740 
765126 
765129 
748745 
781514 
748750 
765136 
781521 
748755 
781528 
748762 
781533 
765149 
748767 
781538 
748772 
781541 
765158 
748777 
748778 
781548 
765167 
748785 
781555 
765172 
748790 
781560 
765177 
765178 
781567 
765183 
748799 
765188 
748804 
781574 
765193 
748809 
781579 
765196 
748816 
765201 
781586 
765202 
781587 
765207 
748823 
781592 
765210 
781595 
748830 
765215 
781600 
748833 
781603 
781606 
748838 
781607 
748843 
781612 
748846 
765233 
748849 
781619 
781622 
748856 
781627 
748859 
781632 
748864 
781633 
765251 
748867 
781638 
765256 
748872 
781641 
748875 
781644 
765261 
781647 
748880 
781652 
765268 
748885 
781655 
765273 
781660 
748892 
781663 
781664 
748897 
781667 
781670 
748902 
781671 
765290 
781676 
748909 
765294 
781683 
748916 
781686 
765305 
748921 
748922 
781691 
748925 
781696 
765314 
748932 
781701 
748935 
781706 
765323 
748940 
765328 
781713 
748947 
781718 
748952 
781721 
765337 
781726 
748959 
765346 
748964 
781735 
765353 
748969 
781742 
765360 
748976 
781745 
781748 
748981 
765369 
781755 
781758 
748990 
781761 
765378 
781764 
781765 
748999 
765385 
781770 
749004 
765394 
749011 
749016 
781785 
765401 
749021 
781792 
765408 
749028 
765413 
749029 
781799 
781802 
765420 
781805 
749037 
781808 
749041 
781815 
749048 
765435 
749053 
781824 
765440 
749058 
781827 
781832 
765449 
749065 
781839 
765456 
749072 
749075 
781846 
765465 
749081 
781851 
781856 
765472 
781857 
781858 
781861 
765477 
749094 
781864 
749097 
781869 
765486 
781872 
749106 
781875 
765491 
781878 
749111 
765498 
749116 
781885 
781888 
765505 
749123 
781893 
765512 
749128 
781898 
781899 
781902 
781903 
765519 
781904 
749136 
781907 
749141 
765526 
781912 
781915 
765531 
781916 
749148 
749149 
781919 
765538 
749154 
781924 
781927 
749159 
765545 
781932 
749164 
765550 
781935 
781936 
765553 
749172 
781941 
765558 
781944 
749177 
781949 
765565 
781952 
749184 
781953 
749185 
765570 
781958 
765577 
765582 
781967 
765587 
781974 
781977 
781978 
765596 
781981 
765599 
781986 
749218 
749223 
765608 
781993 
765611 
781996 
781997 
749230 
782000 
765618 
782003 
765623 
782010 
765628 
749244 
782013 
765631 
749249 
782018 
765638 
749254 
782023 
782024 
765643 
782029 
782030 
765652 
782037 
782040 
749275 
782045 
765661 
749278 
782048 
782049 
765666 
782052 
749286 
782055 
782056 
765673 
749289 
782059 
782060 
765678 
782067 
765685 
749301 
782070 
782071 
765688 
765691 
749308 
782079 
765696 
749315 
782084 
765703 
749320 
765706 
782091 
765711 
749331 
782104 
765720 
749336 
782109 
765725 
749341 
765730 
765733 
749350 
782120 
765736 
782125 
765743 
749359 
782129 
765748 
782134 
749366 
765755 
749373 
782143 
765760 
782148 
749380 
782151 
765767 
749385 
782154 
765770 
782155 
782156 
749390 
765775 
782160 
749393 
782163 
765780 
749398 
782168 
782169 
765785 
749403 
765790 
782176 
765793 
749410 
782181 
765798 
749415 
782186 
765803 
749420 
782189 
782192 
765808 
765809 
782195 
749427 
782198 
749430 
782199 
765816 
782202 
782205 
765821 
749437 
782210 
782213 
782214 
765830 
749446 
782217 
782220 
765839 
749455 
782225 
782228 
765844 
749460 
782233 
765849 
749465 
782236 
782237 
765854 
782242 
765859 
782245 
749478 
782250 
765866 
749485 
782255 
765871 
782256 
782257 
749490 
765876 
782262 
782265 
765883 
749499 
782268 
765886 
782271 
782272 
782277 
765893 
765896 
782284 
749516 
782287 
765903 
749523 
782292 
765910 
749528 
782297 
782298 
782301 
765919 
749538 
782308 
765924 
782311 
749545 
765931 
782316 
765934 
782321 
782322 
749554 
765939 
782325 
782328 
765944 
782329 
749563 
782334 
765951 
749568 
782337 
782340 
765956 
749573 
782345 
765961 
782350 
749582 
765968 
782353 
749585 
782356 
782357 
765973 
782362 
765978 
782365 
765981 
782366 
765982 
782371 
765989 
782378 
765996 
782381 
782384 
766001 
782389 
782390 
766006 
766009 
749625 
782395 
782396 
766014 
782399 
782402 
749636 
766021 
782407 
766024 
782410 
782411 
749644 
766029 
782416 
782419 
749651 
766036 
782422 
782427 
766043 
782430 
749662 
782431 
766048 
782434 
766051 
749667 
782437 
782440 
749672 
766058 
782443 
766061 
782448 
749681 
766066 
782453 
782456 
749688 
782459 
766075 
782460 
749693 
782463 
782464 
766082 
749698 
782467 
766089 
749705 
782474 
782477 
749710 
782480 
766096 
749715 
782485 
782486 
766103 
749720 
782491 
749724 
766110 
749729 
782498 
782502 
749734 
766121 
782507 
749739 
782512 
766128 
749746 
782519 
766135 
749751 
782524 
749756 
766142 
766143 
782529 
749761 
782530 
766148 
749764 
782535 
782536 
766153 
749769 
782539 
766158 
749774 
782544 
766163 
766164 
749781 
782551 
782554 
749786 
766171 
749791 
766176 
782561 
766179 
782564 
749798 
782567 
749801 
782570 
766188 
782573 
782574 
766191 
782577 
749810 
782580 
766198 
782585 
749817 
766203 
782590 
766206 
782591 
749824 
782594 
782597 
766213 
749829 
782600 
749832 
782603 
766220 
749837 
766225 
782610 
749846 
782615 
782618 
766234 
749851 
782621 
782623 
749856 
766243 
782631 
749865 
766250 
782637 
766253 
749872 
782644 
766260 
782645 
749877 
782648 
766265 
749882 
782651 
782654 
766272 
782657 
749889 
766275 
782660 
782661 
782662 
749894 
766280 
782667 
749899 
782668 
766285 
766286 
782671 
782674 
749906 
766291 
766296 
782681 
749913 
766299 
782684 
766302 
749918 
782687 
766305 
766306 
782692 
782693 
749925 
766311 
749928 
782698 
782699 
782700 
766316 
766317 
749933 
782703 
766320 
749936 
782706 
782709 
766325 
782710 
749943 
782713 
782714 
766332 
749948 
782717 
749953 
782722 
766339 
782725 
749958 
782728 
766346 
782731 
782732 
766349 
749965 
782735 
749968 
782738 
782739 
766356 
782742 
766359 
749975 
782747 
782748 
749980 
766366 
782751 
766369 
782754 
749987 
766372 
782757 
782760 
749992 
766377 
782763 
749997 
782766 
766382 
782769 
766385 
750002 
782772 
766390 
782775 
750007 
782778 
782779 
766395 
750012 
782784 
766400 
782787 
750019 
782788 
782791 
766407 
782792 
750024 
782793 
766410 
750031 
782800 
766417 
782805 
750038 
782808 
766424 
782809 
782810 
750043 
782813 
766429 
782816 
750048 
782817 
766436 
750053 
782822 
782825 
766443 
766444 
750061 
782830 
782833 
766449 
750066 
782836 
766452 
782839 
750071 
782840 
766457 
782845 
750078 
782848 
766464 
782851 
750083 
766471 
750088 
782858 
782861 
750093 
766478 
750094 
782864 
782869 
750101 
782870 
766487 
782873 
782874 
750106 
766492 
782877 
766499 
750115 
782884 
782887 
750120 
782890 
750123 
766508 
750126 
782895 
782896 
782899 
766515 
782900 
750133 
782905 
766522 
750140 
782911 
766527 
782914 
766530 
750147 
750150 
782919 
782920 
766537 
782923 
750155 
782924 
766540 
782927 
750160 
766545 
782934 
766550 
750166 
766553 
750169 
782938 
766558 
750174 
782943 
750179 
782948 
766565 
782955 
750187 
766572 
782958 
750192 
782963 
766579 
766580 
750199 
782968 
782971 
766587 
782972 
750204 
782975 
766594 
766595 
782980 
782981 
750215 
782984 
766600 
750222 
782991 
766609 
782994 
750227 
782997 
766616 
750232 
783004 
750237 
783007 
766625 
783012 
750244 
766632 
783017 
750249 
783018 
766637 
783023 
783024 
750256 
783027 
766644 
750261 
783030 
783033 
766651 
783036 
766652 
750268 
783041 
766657 
783042 
783045 
766664 
750280 
783050 
766669 
750285 
783055 
766672 
783058 
750292 
783061 
766679 
783064 
783065 
766682 
783068 
766685 
750301 
783071 
783074 
766690 
750308 
783077 
766693 
783078 
783079 
766696 
750313 
783084 
750316 
783087 
766703 
750319 
766706 
783092 
750326 
783095 
766713 
750329 
783098 
783101 
783102 
750334 
766720 
783105 
750339 
783108 
783111 
750346 
783116 
750349 
783119 
783120 
766736 
783123 
766739 
750358 
766743 
783128 
783131 
750363 
783134 
766750 
783137 
750372 
766757 
783142 
766758 
750375 
783145 
783146 
783147 
766763 
750380 
750385 
783154 
766772 
783157 
783158 
783159 
750391 
783162 
766779 
783165 
783166 
750401 
783171 
766788 
783174 
750406 
783177 
766795 
783180 
783181 
750413 
766798 
783186 
750418 
783187 
766803 
783190 
766806 
750423 
766809 
783195 
783198 
766814 
750430 
783199 
783202 
750435 
766823 
750440 
783209 
783212 
750445 
766830 
750446 
783215 
766835 
750451 
783220 
783221 
750456 
783226 
750461 
766846 
783233 
750466 
783236 
783239 
750473 
766859 
783244 
783245 
766862 
750478 
783250 
783251 
766867 
750483 
783252 
750488 
783257 
750489 
783258 
766874 
750492 
783261 
766881 
783266 
766884 
783269 
783272 
750506 
766891 
783277 
766894 
783280 
750513 
783283 
766901 
783286 
783287 
783288 
783291 
783292 
750525 
766910 
783297 
750530 
783302 
766919 
750535 
766922 
783307 
750542 
766929 
783314 
766932 
783317 
750550 
783320 
783321 
766939 
750555 
783324 
766942 
783329 
750562 
766949 
783336 
766954 
783339 
783340 
750575 
783345 
766961 
783348 
766964 
750580 
783353 
750588 
766973 
750589 
766978 
750594 
783363 
750599 
783368 
783369 
766987 
750604 
783373 
750609 
783379 
766996 
783383 
783384 
750616 
783387 
767003 
750621 
783390 
767008 
783393 
750626 
783396 
767015 
750631 
783403 
767020 
750637 
767027 
783413 
750646 
783416 
750651 
767036 
783424 
783425 
767041 
783426 
767046 
783431 
783434 
750666 
783437 
767053 
750669 
783440 
767058 
783445 
750678 
783448 
783449 
750681 
783454 
767071 
750691 
783461 
767078 
783464 
750696 
783469 
767085 
750701 
783472 
767090 
750708 
783477 
767097 
750713 
783482 
767102 
783487 
750720 
783490 
767109 
750725 
750726 
783495 
767112 
750729 
783500 
767117 
750734 
783505 
767122 
750739 
783508 
767127 
783513 
767132 
750749 
783520 
767137 
783523 
750756 
767142 
783532 
767149 
750766 
783537 
767154 
783540 
783543 
750775 
767161 
783550 
767168 
750784 
783555 
750789 
783558 
767175 
783561 
750794 
750797 
783566 
767184 
783569 
750802 
783574 
767191 
750807 
783577 
783578 
767196 
750814 
783585 
767201 
750819 
783588 
767206 
783591 
783596 
767213 
783603 
767220 
750836 
783606 
783611 
767227 
750845 
783616 
767232 
783617 
783620 
767237 
750854 
783625 
767242 
750859 
783628 
767245 
767250 
783635 
750867 
767253 
783640 
767258 
750874 
783643 
783648 
767264 
783653 
767269 
783656 
767274 
783659 
750894 
783664 
783667 
783670 
750905 
767290 
783675 
783680 
783685 
783690 
767307 
783693 
750926 
783696 
767312 
767317 
783703 
767320 
767323 
783710 
767328 
767329 
783715 
767332 
750950 
767337 
783724 
767340 
750958 
783727 
767343 
783728 
767346 
767347 
750963 
783733 
767352 
783738 
750974 
783743 
767359 
767364 
783750 
750982 
783753 
783754 
767371 
750987 
783757 
783760 
767376 
783763 
750997 
767383 
783768 
751002 
783773 
767390 
751009 
767395 
783782 
767400 
751017 
783789 
767405 
751022 
783794 
751026 
783795 
767412 
751031 
767417 
783802 
751036 
767424 
751041 
783813 
767431 
751048 
767434 
783822 
767439 
751055 
751058 
783827 
783830 
767446 
751065 
767451 
783839 
767456 
751072 
783842 
783845 
751077 
783846 
767463 
767466 
783851 
767473 
751089 
767478 
783864 
751096 
767485 
751101 
783873 
751106 
767492 
751109 
751114 
767499 
783884 
783889 
751123 
767508 
783894 
767513 
751130 
767516 
783903 
767519 
751139 
783908 
767524 
767527 
767528 
751144 
783913 
783916 
783919 
751151 
767537 
751156 
783926 
767544 
751163 
783933 
767549 
783938 
767554 
751170 
783943 
767559 
751175 
767564 
751182 
751185 
783954 
767571 
751190 
783959 
767576 
751193 
783964 
767581 
751200 
783969 
783972 
767588 
783973 
751205 
783978 
751210 
783981 
767599 
751215 
783986 
751218 
767604 
783991 
751225 
783994 
783995 
767611 
784000 
751234 
784003 
784008 
784009 
784010 
767626 
751243 
784015 
751248 
767634 
784020 
751253 
784025 
767641 
784028 
784029 
767646 
751262 
784032 
784035 
767653 
784038 
767656 
784043 
767661 
751278 
784050 
767666 
767669 
751285 
784055 
767674 
784060 
751292 
767677 
767678 
784065 
751297 
767683 
784070 
751302 
784071 
767690 
751307 
767693 
784078 
767698 
751314 
784083 
767703 
751319 
784090 
767706 
784093 
751326 
767711 
784096 
751331 
784101 
767718 
751336 
784106 
784109 
767725 
751341 
751342 
784112 
784115 
751349 
784118 
767734 
784121 
751354 
767741 
784128 
767744 
751365 
784135 
767753 
784138 
751370 
767758 
784143 
751377 
784146 
767763 
767766 
751382 
784151 
784154 
767771 
784157 
751389 
767774 
784160 
784163 
751396 
767781 
751399 
767784 
784170 
751404 
767789 
784175 
767792 
751409 
751410 
767795 
784180 
767800 
784187 
751420 
767805 
751423 
784192 
767808 
767811 
751428 
784199 
751431 
767816 
784202 
751436 
767821 
784209 
751441 
784212 
767828 
767831 
784217 
751449 
784220 
784221 
767838 
784228 
767845 
751462 
784233 
767850 
784236 
751469 
784239 
767857 
751474 
784244 
767862 
784247 
751481 
784252 
751486 
784255 
767871 
784256 
751491 
784261 
767878 
784264 
784267 
767883 
751501 
767886 
767887 
784274 
767892 
784277 
751510 
784282 
767899 
784285 
751517 
784288 
751522 
767908 
751525 
784295 
751528 
784298 
767915 
784301 
751535 
784306 
767922 
751538 
751543 
784313 
767929 
784316 
767934 
751550 
751553 
784325 
767941 
751558 
751563 
784334 
767950 
751566 
784335 
767955 
751571 
784342 
767960 
784345 
751578 
767963 
784350 
767968 
784353 
751587 
784358 
767975 
751592 
784363 
751599 
767984 
784370 
751604 
767989 
784377 
751609 
767994 
784382 
767999 
751616 
784385 
751621 
784390 
768006 
784393 
768009 
751626 
768012 
784398 
768015 
751631 
751632 
784403 
768020 
751637 
784406 
768023 
751642 
784411 
768030 
751647 
784418 
751652 
784421 
768039 
784426 
751659 
784429 
768046 
784432 
751664 
768051 
784437 
751669 
768054 
784442 
751674 
751675 
768060 
784445 
751678 
784450 
784451 
751683 
768069 
784454 
751688 
784459 
768078 
751695 
784466 
751700 
784469 
768085 
784470 
784473 
751705 
768090 
784476 
784479 
768095 
751712 
768100 
751717 
784486 
751720 
768107 
751727 
768112 
784497 
768115 
751732 
768120 
784506 
751739 
768125 
784511 
751744 
784516 
768132 
751749 
768139 
751756 
784525 
768144 
751761 
784530 
784533 
768151 
784536 
751768 
768154 
784539 
751773 
768159 
751778 
768164 
751781 
784550 
768167 
768172 
751790 
784559 
768175 
768176 
768179 
751795 
784564 
768182 
784567 
768183 
768188 
751804 
784576 
768195 
751811 
784583 
768200 
751818 
784588 
784589 
784592 
768208 
768211 
751827 
768216 
784603 
751836 
768221 
768226 
784611 
751843 
784614 
751846 
768233 
751849 
768236 
784621 
751854 
784626 
768243 
751861 
751864 
784633 
784636 
784637 
751869 
735485 
768254 
784640 
768257 
751874 
784643 
735492 
784646 
768264 
784649 
751881 
735499 
751886 
735506 
784659 
751891 
784664 
768280 
735513 
751898 
784669 
751901 
735520 
784674 
784675 
751908 
735527 
784680 
784685 
768301 
751917 
735536 
784692 
751926 
784695 
735545 
751931 
784700 
768317 
751936 
784705 
735554 
768327 
784712 
751945 
735563 
784717 
768334 
751950 
784720 
784723 
768339 
751955 
735572 
784726 
768346 
751962 
784731 
784734 
751967 
784740 
735589 
768358 
751974 
768364 
784749 
751981 
735598 
751986 
768373 
784758 
751991 
735607 
784761 
768378 
784764 
751996 
751997 
735616 
768385 
752002 
784771 
768390 
752007 
784776 
768393 
735625 
768396 
752012 
784781 
752017 
784786 
735634 
768403 
784789 
752024 
784794 
768410 
784797 
752029 
735645 
784798 
768417 
752034 
784805 
768422 
752039 
784808 
752040 
768425 
735662 
752047 
768432 
784817 
752052 
784822 
768439 
735671 
784827 
768444 
752061 
735680 
752066 
768451 
784837 
768454 
752073 
735689 
768459 
784848 
752080 
768466 
735698 
784855 
768471 
752087 
735707 
768476 
752092 
784863 
768481 
752097 
735716 
768486 
752102 
784872 
752105 
768492 
752108 
784877 
735725 
768495 
784880 
752113 
768500 
735736 
768505 
784890 
752122 
768508 
752125 
735745 
752130 
768515 
752133 
768518 
752138 
768523 
752141 
784911 
752146 
752151 
735770 
768540 
752156 
752161 
735779 
784932 
752168 
784938 
768554 
735788 
768559 
752175 
784946 
768564 
752180 
752181 
735797 
784951 
768567 
784952 
752184 
784955 
768572 
752189 
735806 
768577 
752194 
768580 
784965 
784968 
768585 
752201 
768590 
752206 
784975 
752209 
784978 
768595 
784981 
735831 
784984 
768600 
752216 
784989 
752221 
784994 
752228 
735844 
784997 
768613 
785002 
768618 
752237 
735853 
768623 
785012 
768628 
752244 
735862 
768633 
785019 
752253 
768638 
785023 
735871 
752258 
768643 
785028 
735880 
785033 
752265 
785034 
768650 
768651 
785037 
785038 
768656 
752272 
785041 
735889 
768659 
752275 
785044 
768660 
785045 
752280 
768665 
735898 
785052 
768670 
752287 
752288 
785059 
768675 
735907 
752293 
785064 
768680 
752298 
735916 
785069 
768687 
752305 
785076 
752308 
735925 
768694 
752311 
785081 
768697 
768702 
752318 
735934 
785088 
768705 
768708 
785093 
752325 
768711 
735943 
785098 
768716 
752332 
735952 
785105 
768721 
752337 
752340 
785110 
768726 
768729 
752345 
735961 
785115 
785120 
768736 
752352 
768739 
785125 
768744 
735976 
752361 
785130 
785131 
768747 
768750 
785136 
752368 
735985 
768755 
785143 
752375 
768760 
752378 
735994 
785148 
768765 
752383 
768770 
785155 
736003 
752390 
768777 
785162 
736012 
752397 
768784 
785169 
752402 
768787 
785172 
736021 
785175 
768792 
752409 
768795 
785180 
768798 
752414 
785185 
768801 
752419 
736036 
768806 
785192 
752426 
768811 
736045 
785199 
752431 
768816 
768819 
785204 
752436 
736054 
768824 
785209 
752441 
752442 
785214 
768831 
752447 
785219 
736067 
768836 
752452 
768839 
752457 
785226 
768844 
752462 
785231 
768849 
736082 
785236 
752469 
768854 
785241 
768857 
752474 
736091 
768862 
752479 
785248 
768865 
752484 
736100 
785253 
752485 
768870 
752488 
768875 
785260 
752493 
736109 
768882 
785267 
752500 
736118 
768887 
752505 
785275 
785278 
752510 
736127 
768896 
785283 
785284 
768901 
752517 
736136 
752522 
768908 
752525 
785295 
768911 
736145 
768914 
785300 
752532 
768919 
768922 
785307 
752539 
736158 
768927 
785314 
768930 
752548 
785317 
768933 
736167 
785320 
752553 
785323 
768940 
752558 
785328 
736176 
785331 
768949 
752565 
785334 
785337 
736185 
768954 
752572 
785342 
752577 
752578 
736194 
785347 
768963 
752581 
785352 
768968 
752586 
736203 
785357 
768975 
785362 
752595 
736212 
785367 
768984 
752600 
785372 
736221 
768991 
752607 
785377 
768996 
752612 
785382 
736230 
785389 
769005 
752621 
736239 
785392 
769010 
752628 
785397 
769015 
736248 
769018 
785404 
752637 
769023 
785409 
736257 
752642 
785412 
769028 
785417 
736266 
769035 
752651 
785422 
769040 
752658 
736275 
785429 
769049 
752665 
785436 
736286 
785439 
769056 
785442 
752674 
785445 
752679 
736295 
785448 
769067 
785453 
752686 
736304 
752689 
785458 
769076 
752694 
785463 
752697 
736313 
769083 
785470 
785471 
752704 
785474 
736322 
769092 
785477 
752709 
769097 
785482 
752714 
736331 
785487 
769104 
752721 
785490 
736340 
785493 
769109 
785498 
752730 
769116 
752733 
736349 
785503 
769121 
752740 
785510 
769126 
736358 
769129 
785515 
752749 
736367 
785520 
769136 
752754 
785525 
769141 
752759 
736376 
785530 
769146 
752764 
785535 
769153 
736385 
752771 
785540 
769158 
752776 
785545 
736394 
769165 
785550 
752783 
769170 
785555 
736403 
752790 
769175 
785560 
769178 
752795 
736412 
785565 
769183 
752800 
785570 
752805 
736421 
769190 
752806 
785575 
769195 
752811 
785580 
736430 
752816 
785585 
769202 
752821 
785590 
769207 
736439 
752826 
785595 
769214 
736448 
752833 
785602 
769221 
752838 
785607 
736457 
769226 
752843 
769231 
785616 
769232 
752848 
752849 
736466 
785621 
752856 
736475 
785629 
769245 
752861 
785634 
769252 
736484 
752870 
785639 
769259 
752875 
785644 
736493 
752878 
785651 
752885 
736502 
785656 
752888 
785661 
769278 
752895 
736511 
785666 
769285 
752902 
785671 
736520 
752907 
785676 
769296 
752912 
736529 
785683 
769301 
752917 
785688 
752920 
736538 
752925 
785694 
785695 
769311 
752928 
736547 
785700 
769316 
752933 
785705 
769321 
752938 
736556 
785710 
752943 
769328 
752946 
785715 
736563 
769333 
752951 
785720 
769338 
736572 
769341 
752958 
785727 
769346 
752963 
736581 
785734 
752968 
785737 
769353 
785738 
736586 
785741 
769358 
752975 
785746 
736595 
785749 
769365 
752982 
785752 
736600 
752985 
769370 
752990 
785759 
736607 
769377 
785762 
785765 
752997 
753000 
736616 
785770 
769388 
785773 
753005 
736623 
769393 
785778 
753012 
736628 
785783 
769400 
753017 
785786 
785787 
785788 
736637 
753022 
769407 
785793 
753027 
769412 
736644 
785798 
769417 
753034 
785803 
736653 
753039 
769424 
785810 
769429 
736662 
785815 
753048 
753051 
736667 
785820 
769438 
736674 
785827 
753060 
769445 
785832 
736683 
769452 
753069 
785839 
736688 
753074 
769459 
785844 
736693 
785849 
753081 
769466 
769469 
785854 
753086 
736702 
769474 
785859 
753093 
736709 
753094 
785864 
769481 
753099 
785869 
769488 
785874 
753106 
769493 
785879 
753111 
736727 
769500 
753116 
785886 
736736 
753121 
785891 
769507 
736743 
785896 
753128 
785899 
769516 
753135 
785904 
736752 
769525 
753142 
785911 
736759 
753145 
785914 
769532 
753152 
736768 
785921 
769539 
753155 
785928 
753160 
736777 
769548 
785933 
753165 
785936 
769553 
753170 
736786 
785941 
753175 
769560 
785946 
736795 
785949 
753182 
769567 
753185 
785954 
769572 
736804 
785957 
785958 
753190 
769575 
785961 
753193 
769578 
736813 
785966 
753200 
785969 
769585 
785972 
753205 
769594 
753210 
736826 
785979 
753215 
785987 
736835 
785988 
753222 
785991 
785992 
769609 
785995 
753227 
769612 
736844 
785998 
769615 
753232 
786001 
736851 
786004 
786007 
753239 
786008 
786011 
786012 
753244 
769630 
736864 
786017 
769633 
753249 
786020 
753254 
786023 
753255 
769640 
736873 
786026 
753260 
786029 
786030 
786031 
769647 
753265 
736882 
786036 
769654 
753270 
786039 
736889 
786042 
753275 
786045 
769663 
786048 
736896 
786049 
786050 
753282 
769668 
786053 
753287 
736903 
769673 
786058 
786059 
753292 
786062 
769678 
736912 
769681 
753297 
753298 
786067 
769684 
753301 
786070 
736919 
753306 
786075 
769691 
769694 
786080 
736928 
786081 
753313 
786082 
769699 
786085 
753318 
736935 
786088 
786089 
769706 
753323 
786092 
786093 
786094 
786097 
769713 
786098 
753330 
786099 
786100 
753333 
786103 
736952 
769722 
786108 
753340 
786111 
786114 
769731 
786117 
753349 
786120 
736969 
753354 
786123 
753359 
786128 
736978 
786131 
786134 
753366 
786137 
769755 
753371 
736987 
786140 
786141 
786144 
753378 
786147 
769763 
786148 
753381 
786151 
753386 
737002 
786155 
786156 
769772 
786159 
753391 
737007 
769777 
786162 
786165 
769782 
753398 
737014 
786168 
786169 
786170 
769787 
753403 
769790 
737023 
786177 
769793 
786180 
753412 
786181 
786184 
769800 
737032 
753417 
786187 
786188 
786191 
769807 
737039 
786194 
753426 
786197 
769814 
786200 
737048 
786202 
786203 
769819 
753435 
786206 
769824 
737057 
753442 
786211 
769827 
786212 
786215 
753449 
769834 
786220 
786223 
753456 
737072 
769841 
786226 
786229 
753463 
786232 
786233 
737081 
769850 
786236 
753468 
786239 
769859 
753475 
786244 
786245 
753478 
786248 
769866 
786251 
753483 
786254 
753486 
786257 
769873 
786258 
737106 
753493 
737113 
769882 
753498 
786267 
753503 
786272 
737120 
769891 
786276 
753510 
786279 
737129 
769900 
786286 
753519 
786289 
753522 
769907 
786292 
737140 
769912 
753529 
737145 
786303 
753536 
769921 
737154 
753541 
786310 
769928 
786313 
786314 
753546 
786317 
769935 
753551 
786321 
786322 
769940 
753556 
737172 
786327 
753561 
737177 
786331 
769947 
786336 
753568 
737184 
769954 
786339 
753573 
737189 
786342 
769959 
786345 
769962 
753580 
737196 
786350 
769969 
786355 
753587 
737203 
769974 
753592 
786362 
737210 
769981 
753597 
786367 
737217 
769986 
753602 
753603 
786372 
786375 
769991 
753608 
786378 
737226 
786381 
753613 
769998 
786386 
753618 
786387 
737235 
770005 
786390 
753623 
786393 
737242 
786396 
770014 
753630 
786399 
753635 
737251 
786404 
786405 
770021 
786408 
753640 
786411 
737260 
753645 
786414 
770030 
753646 
786415 
737267 
786420 
770037 
753653 
786423 
786426 
753658 
737274 
786427 
770046 
)

// ************************************************************************* //
